 0.0001 0 1 6.                                                          
 3                                                                      
 2                                                                      
 1.00   1.00   1.00                                            входное  
  0.01 450.   900.                                             устРойство 
 3                                                                      
 0.8720 0.8720 0.8720                                          кнд      
 1.     5.     9.0                                                      
                     -0.0001-0.0063-0.0000              -отборы воздуха из KHД,%
                      0.435  0.6819 1.                  -K П*отб
                      1.     1.0015 1.                  -K кпд отб
                      0.     0.     0.                  -отборы воздуха,кг/с
    0.0                                                                 
 3                                                                      
 0.9865 0.9865 0.9865                                          пеРеходник
  0.01 500.  1000.                                             кнд/квд         
 3                                                                      
 0.8411 0.8411 0.8411                                           квд     
 1.     5.     9.                                                       
                                          -0.0395-0.0001-0.1536      <- относительные величины отборов воздуха от КВД;
                                           0.2611 0.355  1.          <- (Пi*отб.-1)/(Пi*квд-1);                    
                                           1.0117 1.01   1.          <- КПД*отб./ КПД*квд;                         
                                          -0.    -0.    -0.          <- абсолютные величины отборов воздуха от КВД.
    0.0                                                                 
 3                                                                      
 0.947  0.947  0.947                                            кс сигма
   0.01 500.  1000.                                                     
 3                                                                      
 0.995  0.995  0.995                                            кпд сгоРания
 0.01   0.5    0.9                                                      
 3                                                                      
 1                                                                      
 0.8626 0.8626 0.8626                                           твд     
 1.01   2.5    5.5                                                      
                                           0.0    0.     0.0629     <- отн. подводы воздуха до "горла" СА ТВД;
                                           0.0    0.     0.0530     <- отн. подводы воздуха между "горлом" СА ТВД и РК ТВД.
 0.     0.     0.     0.     0.     0.     0.     0.     0.             
 0.     0.     0.     0.     0.     0.     0.     0.     0.             
 0.     0.     0.     0.     0.     0.     0.     0.     0.             
    0.  0.985                                                           
 3                                                                      
 1.     1.     1.                                               пеРеходник
  0.01 500.  1000.                                              твд/тнд        
 3                                                                      
 1                                                                      
 0.8580 0.8580 0.8580                                           тнд     
 1.01   2.5    5.5                                                      
                                           0.0146 0.     0.0377     <- отн. подводы воздуха до "горла" первого СА ТHД;                 
                                           0.0030 0.     0.0        <- отн. подводы воздуха между "горлом" первого СА ТHД и первого РК ТHД.    
 0.     0.     0.     0.     0.     0.     0.     0.0    0.0000         
 0.     0.     0.     0.     0.     0.     0.     0.     0.             
 0.     0.     0.     0.     0.     0.     0.     0.     0.             
 0.     0.     0.     0.     0.     0.     0.     0.     0.             
 0.     0.     0.     0.     0.     0.     0.     0.     0.0            
    0.  0.995                                                           
 3                                                                                
 1.     1.     1.                                             пеРеходник
  0.01 500.  1000.                                            тв/ст    
 3                                                                      
 1                                                             ст       
 0.9150 0.9150 0.9150                                                   
 1.01   4.     6.5                                                      
                                    0.0    0.0040 0.0    0.0    подв.перед CA
                                    0.0    0.0025 0.0    0.0    подв.перед PK
 0.     0.     0.     0.     0.     0.     0.     0.     0.             
 0.     0.     0.     0.     0.     0.     0.     0.     0.             
 0.     0.     0.     0.     0.     0.     0.     0.     0.             
 0.     0.     0.     0.     0.     0.     0.     0.     0.             
 0.     0.     0.     0.     0.     0.     0.     0.     0.             
 0.     0.     0.     0.     0.     0.     0.     0.     0.             
 0.     0.     0.     0.     0.     0.     0.     0.     0.             
 0.     0.     0.     0.     0.     0.     0.     0.     0.             
 0.     0.     0.     0.     0.     0.     0.     0.     0.             
 0.     0.     0.     0.     0.     0.     0.     0.     0.             
 0.     0.     0.     0.     0.     0.     0.     0.     0.             
 0.     0.     0.     0.     0.     0.     0.     0.     0.             
 0.     0.     0.     0.     0.     0.     0.     0.     0.             
    0.  0.995                                                           
 0.     0.     0.     0.     0.0063 0.     0.0154 0.     0.    <- отн. подводы воздуха в затурбинный канал.
 3                                                                      
 1.0    1.0    1.0                                      сигма                
  0.1 2000.  4000.                                      СОПЛО 1               
 3                                                                      
 2                                                                      
 1.     1.     1.                                                       
 0.12   0.12   0.12                                     Фи                 
 1.     1.5    2.5                                      СОПЛО 1                
 1                                                                 кол ваР
 5.0330   4.2987   1448.00   1.0294  41.910
 1.0    1.000                                                           
  000.0  -0.0  0.     0.0                                               
//
  ALT  DT  WAR  AM
  Пкнд   Пквд    Тгкс    Пс     Gв
